19204742K 48  
19290061K 30
190666674 78
201332835 56
19252236K 65
208509260 63
198072416 42
201196523 77
190238210 54
201005617 79
208036906 41
19355653K 46
19017190K 64
197229623 60
190731920 25
198060537 34
197637440 29
209600393 71
208884639 43
194245703 58
209774696 36
197529014 78
200738492 60
195125339 35
198520640 60
203799090 70
204153280 54
197528006 76
208490970 54
209297704 51
201527167 58
19010442K 52
200747174 46
207727629 76
202456865 58
209079341 50
194978532 69
193562133 22
207832709 63
192039818 64
198034343 72
201456997 32
19857624K 68
196174225 77
193144649 31
192822967 79
206951527 59
190046693 79
204520842 60
203626577 41
203511555 71
197156597 20
205594950 27
20921185K 78
209635593 74
206276563 76
19165234K 32
191967868 63
199180526 38
194605851 60
199019438 78
195175172 59
193129579 49
198968533 50
205831660 40
190781184 27
191036986 23
208726356 40
196468873 39
203986228 31
201270511 25
208098187 50
202528106 40
200872361 63
204271361 78
200372658 71
192087684 79
193302666 42
204319241 61
205069056 28
206143521 31
195248427 56
193825803 72
209314038 54
195217299 66
208757696 50
205461532 46
192413919 75
207327341 49
209989620 46
191244435 34
209539260 68
19160956K 52
195119031 36
190391801 38
197045842 41
191939160 63
196421331 23
202083407 26
194760196 80
