19204742K 86  
19290061K 73
190666674 88
201332835 88
19252236K 62
208509260 98
198072416 72
201196523 79
190238210 61
201005617 67
208036906 58
19355653K 92
19017190K 59
197229623 80
190731920 100
198060537 82
197637440 99
209600393 77
208884639 64
194245703 65
209774696 93
197529014 75
200738492 60
195125339 94
198520640 85
203799090 69
204153280 78
197528006 80
208490970 85
209297704 75
201527167 88
19010442K 74
200747174 98
207727629 72
202456865 70
209079341 85
194978532 83
193562133 99
207832709 96
192039818 75
198034343 77
201456997 78
19857624K 64
196174225 88
193144649 94
192822967 91
206951527 60
190046693 77
204520842 80
203626577 71
203511555 57
197156597 96
205594950 82
20921185K 71
209635593 95
206276563 91
19165234K 66
191967868 92
199180526 74
194605851 100
199019438 55
195175172 96
193129579 95
198968533 76
205831660 64
190781184 66
191036986 71
208726356 60
196468873 85
203986228 99
201270511 88
208098187 70
202528106 83
200872361 86
204271361 55
200372658 71
192087684 82
193302666 75
204319241 97
205069056 83
206143521 86
195248427 96
193825803 65
209314038 84
195217299 95
208757696 86
205461532 76
192413919 61
207327341 69
209989620 81
191244435 81
209539260 64
19160956K 61
195119031 83
190391801 77
197045842 90
191939160 93
196421331 79
202083407 92
194760196 74
