19204742K 53   
19290061K 63
190666674 88
201332835 81
19252236K 90
208509260 42
198072416 60
201196523 7
190238210 42
201005617 67
208036906 37
19355653K 31
19017190K 24
197229623 79
190731920 1
198060537 98
197637440 80
209600393 93
208884639 10
194245703 57
209774696 71
197529014 3
200738492 15
195125339 52
198520640 28
203799090 8
204153280 13
197528006 54
208490970 13
209297704 28
201527167 45
19010442K 18
200747174 79
207727629 37
202456865 41
209079341 7
194978532 70
193562133 81
207832709 37
192039818 65
198034343 82
201456997 84
19857624K 29
196174225 73
193144649 55
192822967 51
206951527 23
190046693 99
204520842 26
203626577 52
203511555 89
197156597 24
205594950 91
20921185K 67
209635593 62
206276563 59
19165234K 47
191967868 30
199180526 40
194605851 44
199019438 6
195175172 41
193129579 41
198968533 9
205831660 22
190781184 30
191036986 82
208726356 30
196468873 26
203986228 51
201270511 82
208098187 81
202528106 29
200872361 76
204271361 77
200372658 47
192087684 12
193302666 68
204319241 35
205069056 2
206143521 67
195248427 99
193825803 45
209314038 71
195217299 68
208757696 44
205461532 94
192413919 99
207327341 15
209989620 80
191244435 41
209539260 14
19160956K 29
195119031 45
190391801 80
197045842 71
191939160 39
196421331 23
202083407 22
194760196 20
