19204742K 56  
19290061K 68
190666674 42
201332835 91
19252236K 40
208509260 65
198072416 42
201196523 55
190238210 92
201005617 68
208036906 62
19355653K 61
19017190K 54
197229623 46
190731920 81
198060537 91
197637440 72
209600393 97
208884639 91
194245703 80
209774696 69
197529014 64
200738492 83
195125339 91
198520640 88
203799090 91
204153280 85
197528006 48
208490970 54
209297704 95
201527167 59
19010442K 49
200747174 46
207727629 48
202456865 79
209079341 41
194978532 80
193562133 48
207832709 41
192039818 75
198034343 62
201456997 47
19857624K 82
196174225 88
193144649 61
192822967 68
206951527 79
190046693 61
204520842 91
203626577 47
203511555 100
197156597 50
205594950 82
20921185K 50
209635593 78
206276563 93
19165234K 74
191967868 58
199180526 80
194605851 92
199019438 73
195175172 76
193129579 51
198968533 93
205831660 43
190781184 67
191036986 71
208726356 79
196468873 56
203986228 87
201270511 95
208098187 98
202528106 49
200872361 65
204271361 84
200372658 64
192087684 82
193302666 67
204319241 48
205069056 60
206143521 58
195248427 49
193825803 69
209314038 53
195217299 49
208757696 70
205461532 98
192413919 53
207327341 42
209989620 47
191244435 50
209539260 91
19160956K 89
195119031 72
190391801 85
197045842 66
191939160 84
196421331 91
202083407 98
194760196 51
